NumCols:	4
A	-0.684945	-0.16765	0.225043	0.0887705
C	0.172727	0	-0.0158132	0
D	0.0837702	0.491601	0.226972	0.404333
E	0.224183	-0.0512818	0.486416	1.08752
F	0.16814	-0.346162	-0.326336	-0.752416
G	0.246183	0.328881	-0.102706	0.311982
H	0.151504	0.105465	-0.186196	0.060217
I	0.0736915	0.327287	-0.083311	-0.0477473
K	-0.335986	-0.0103968	0.0239354	-0.0956219
L	-0.51678	0.44641	0.163878	-0.68235
M	0.0595332	0.179285	-0.396646	-0.12015
N	-0.0669622	-0.00989459	0.409911	0.13378
P	0.471276	0.52997	0.520067	0.218424
Q	0.189508	-0.332075	0.0353161	0.336954
R	-0.36497	-0.909803	0.124287	-0.374938
S	-0.228191	0.00961389	0.00693015	0.157684
T	0.0185839	0.117608	0.211756	0.387967
V	-0.160186	-0.115983	-0.144227	0.0985487
W	0.152037	-0.42995	-0.774411	0.0628905
Y	0.346883	-0.162923	-0.404865	-1.27585


1.83777